POINT	NORTHING	EASTING	ELEVATION	CODE
3	4931536.07 	1412657.56 	73.97 	P1
4	4931541.80 	1412648.01 	73.93 	P2
6	4931575.78 	1412634.13 	69.04 	P4
9	4931558.62 	1412642.98 	70.02 	P3-2
10	4931538.57 	1412653.20 	74.02 	P1A
11	4931538.54 	1412653.17 	74.01 	P1A
12	4931539.03 	1412652.60 	74.04 	P1A-NEW-VSD-.2
13	4931546.58 	1412646.50 	72.63 	P2-A
14	4931546.59 	1412646.49 	72.52 	P2-A-GND
15	4931551.38 	1412645.14 	71.37 	P2-B
16	4931555.98 	1412643.90 	70.40 	P2-C
17	4931556.02 	1412643.93 	70.33 	P2-C-GND
18	4931563.17 	1412640.53 	69.98 	P3-A
19	4931563.14 	1412640.54 	69.92 	P3-A-GND
20	4931567.48 	1412638.34 	69.64 	P3-B
21	4931563.26 	1412640.52 	70.00 	P3-A-NEW
22	4931563.30 	1412640.50 	69.90 	P3-A-NEW-GND
23	4931574.87 	1412632.29 	69.02 	P4-CS-BB
24	4931568.83 	1412625.30 	74.00 	P4-CS-TB
25	4931577.58 	1412636.67 	68.73 	P4-CS-TB2
26	4931580.28 	1412640.11 	65.56 	P4-CS-ON BANK
27	4931563.13 	1412630.71 	75.49 	P3B-CS-TB
28	4931565.23 	1412633.82 	73.29 	P3B-CS-SH
29	4931565.34 	1412635.36 	72.71 	P3B-CS-TB2
30	4931567.02 	1412636.70 	69.62 	P3B-CS-BB-EDGE ROAD
31	4931567.85 	1412638.81 	69.68 	P3B-CS-CL
32	4931569.09 	1412641.20 	69.47 	P3B-CS-TB3
33	4931570.37 	1412643.94 	67.34 	P3B-CS-SH
34	4931559.77 	1412633.59 	75.75 	P3A-TB
35	4931561.72 	1412637.44 	73.19 	P3A-TOP CUT
36	4931553.30 	1412637.16 	76.25 	P3-TB
37	4931549.70 	1412638.96 	76.48 	P2B-TB
38	4931545.05 	1412639.95 	77.38 	P2A-TB
39	4931545.58 	1412644.03 	74.81 	P2A-TOP CUT
40	4931550.72 	1412642.83 	74.12 	P2B-TOP CUT
41	4931555.10 	1412641.77 	73.15 	P2C-TOP CUT
42	4931555.09 	1412641.77 	73.14 	P2C-TOP CUT
43	4931553.32 	1412637.38 	76.19 	P2C-TB
44	4931557.48 	1412640.90 	72.81 	P3-TOP CUT
45	4931563.62 	1412640.91 	69.87 	P3A-CL
46	4931564.94 	1412643.39 	69.58 	P3A-TB
47	4931566.87 	1412646.30 	67.31 	P3A-SH AT RIMU
48	4931559.13 	1412643.91 	69.81 	P3 CL
49	4931561.13 	1412646.65 	69.49 	P3 TB
50	4931562.50 	1412649.07 	67.43 	P3 SH
52	4931562.82 	1412639.35 	69.96 	P3A-BB-EDGE ROAD
53	4931558.47 	1412641.62 	70.22 	P3-BB-EDGE ROAD
54	4931555.85 	1412642.45 	70.66 	P2C-BB-EDGE ROAD
56	4931551.37 	1412643.32 	71.65 	P2B-BB-EDGE ROAD
57	4931552.10 	1412646.83 	71.34 	P2B-TB2-EDGE ROAD
58	4931552.68 	1412648.64 	70.69 	P2B-TB2
59	4931553.86 	1412649.93 	69.14 	P2B-BB-EDGE ROAD
60	4931556.86 	1412652.25 	68.80 	P2B-TB-EDGE ROAD
61	4931558.51 	1412653.86 	67.33 	SH
62	4931558.79 	1412649.35 	69.22 	P2C-TB-EDGE ROAD
63	4931561.55 	1412651.92 	66.80 	P2C-SH
64	4931563.50 	1412648.59 	67.54 	P3-SH
66	4931546.04 	1412644.92 	72.94 	P2A-BB-EDGE RD
67	4931547.23 	1412647.86 	72.97 	P2A-TB-EDGE RD
68	4931548.28 	1412650.19 	72.03 	P2A-SH
69	4931550.57 	1412652.65 	70.12 	P2A-TB
73	4931540.98 	1412646.72 	74.04 	P2-BOT CUT
74	4931544.61 	1412650.50 	73.73 	P2-TB
75	4931540.54 	1412651.77 	74.18 	CONROL STAKE
76	4931547.23 	1412651.79 	72.19 	P2 SH
77	4931535.88 	1412649.31 	74.39 	P1A-BB
78	4931542.20 	1412655.33 	73.80 	P1A-TB
79	4931544.89 	1412656.79 	73.55 	P1A-SH
80	4931532.81 	1412656.43 	75.78 	P1-SH
81	4931534.78 	1412657.08 	74.74 	P1-TOP CUT
82	4931539.29 	1412658.57 	73.52 	P1-TB
83	4931539.29 	1412658.57 	73.52 	P1-TB
84	4931542.59 	1412659.61 	72.01 	P1-SH
85	4931530.76 	1412649.49 	78.91 	CORNER PEG
86	4931532.03 	1412647.08 	79.34 	P1A-SH
87	4931533.20 	1412648.95 	78.32 	P1A-TB
88	4931538.72 	1412643.93 	77.92 	P2-SH
89	4931540.10 	1412645.68 	76.72 	P2-TB
