	P4	24	4931568.83 	1412625.30 	74.00 	P4-CS-TB		0.00 
		23	4931574.87 	1412632.29 	69.02 	P4-CS-BB		9.21 
		6	4931575.78 	1412634.13 	69.04 	P4				11.26 
		25	4931577.58 	1412636.67 	68.73 	P4-CS-TB2		14.36 
		26	4931580.28 	1412640.11 	65.56 	P4-CS-ON BANK	18.82 
											Bdy				4.96



P3B	27	4931563.13 	1412630.71 	75.49 	P3B-CS-TB		0.00 
	28	4931565.23 	1412633.82 	73.29 	P3B-CS-SH		3.78 
	29	4931565.34 	1412635.36 	72.71 	P3B-CS-TB2		5.32 
	30	4931567.02 	1412636.70 	69.62 	P3B-CS-BB-EDGE ROAD	7.43 
	20	4931567.48 	1412638.34 	69.64 	P3-B			9.15 
	31	4931567.85 	1412638.81 	69.68 	P3B-CS-CL		9.75 
	32	4931569.09 	1412641.20 	69.47 	P3B-CS-TB3		12.44 s
	33	4931570.37 	1412643.94 	67.34 	P3B-CS-SH		15.47 



P3A	34	4931559.77 	1412633.59 	75.75 	P3A-TB				0.00 
	35	4931561.72	1412637.44	73.19 	P3A-TOP CUT			4.30 
	52	4931562.82 	1412639.35 	69.96 	P3A-BB-EDGE ROAD	6.59
	21	4931563.26 	1412640.52 	70.00 	P3-A-NEW			7.77 
	45	4931563.62 	1412640.91 	69.87 	P3A-CL				8.29 
	46	4931564.94 	1412643.39 	69.58 	P3A-TB				11.10 
	47	4931566.87 	1412646.30 	67.31 	P3A-SH AT RIMU		14.59


P3	36	4931553.30 	1412637.16 	76.25 	P3-TB	0.00 
	44	4931557.48 	1412640.90 	72.81 	P3-TOP CUT	5.61 
	53	4931558.47 	1412641.62 	70.22 	P3-BB-EDGE ROAD	6.83
	48	4931559.13 	1412643.91 	69.81 	P3 CL	8.20 
	49	4931561.13 	1412646.65 	69.49 	P3 TB	9.23 
	50	4931562.50 	1412649.07 	67.43 	P3 SH	12.65 
	64	4931563.50 	1412648.59 	67.54 	P3-SH	15.45 
	
	
	
	
	
P2C	43	4931553.32	1412637.38	76.19 	P2C-TB	0
	42	4931555.09	1412641.77	73.14 	P2C-TOP CUT	4.75
	54	4931555.85	1412642.45	70.66 	P2C-BB-EDGE ROAD	5.77 
	17	4931556.02	1412643.93	70.33 	P2-C-GND	7.22 
	62	4931558.79	1412649.35	69.22 	P2C-TB-EDGE ROAD	13.44
	63	4931561.55	1412651.92	66.80 	P2C-SH	17.12





P2B	37	4931549.7	1412638.96	76.48 	P2B-TB	0.00 
	40	4931550.72	1412642.83	74.12 	P2B-TOP CUT	4.00 
	15	4931551.38	1412645.14	71.37 	P2-B	6.38 
	57	4931552.1	1412646.83	71.34 	P2B-TB2-EDGE ROAD	8.25 
	58	4931552.68	1412648.64	70.69 	P2B-TB2	10.191
	59	4931553.86	1412649.93	69.14 	P2B-BB-EDGE ROAD	11.90 
	60	4931556.86	1412652.25	68.80 	P2B-TB-EDGE ROAD	15.713
	61	4931558.51	1412653.86	67.33 	SH	18.033
	
	
	
	
	
	
	
P1	80	4931532.81 	1412656.43 	75.78 	P1-SH		0.00 
	81	4931534.78 	1412657.08 	74.74 	P1-TOP CUT	2.08 
	3	4931536.07 	1412657.56 	73.97 	P1			3.46 
	83	4931539.29 	1412658.57 	73.52 	P1-TB		6.83 
	84	4931542.59 	1412659.61 	72.01 	P1-SH		10.29 
				80.00 	BNDY						1.12 





P1A	88	4931538.72	1412643.93	77.92 	P2-SH			0.00 
	87	4931533.2	1412648.95	78.32 	P1A-TB			2.24 
	77	4931535.88	1412649.31	74.39 	P1A-BB			4.97 
	12	4931539.03	1412652.6	74.04 	P1A-NEW-VSD-.2	9.54
	78	4931542.2	1412655.33	73.80 	P1A-TB			13.75 
	79	4931544.89	1412656.79	73.55 	P1A-SH			16.89 
	
	
	
	
	
	
	
	
	
	
	
P2	88	4931538.72	1412643.93	77.92 	P2-SH		0.00 
	89	4931540.1	1412645.68	76.72 	P2-TB		2.28 
	73	4931540.98	1412646.72	74.04 	P2-BOT CUT	3.56 
	4	4931541.8	1412648.01	73.93 	P2			5.11 
	74	4931544.61	1412650.5	73.73 	P2-TB		8.89 
	76	4931547.23	1412651.79	72.19 	P2 SH		11.87 
				80.00 	Bdy							1.81 





P2A	38	4931545.05	1412639.95	77.38 	P2A-TB			0.00 
	39	4931545.58	1412644.03	74.81 	P2A-TOP CUT		4.15 
	66	4931546.04	1412644.92	72.94 	P2A-BB-EDGE RD	5.19 
	13	4931546.58	1412646.5	72.63 	P2-A			6.82 
	67	4931547.23	1412647.86	72.97 	P2A-TB-EDGE RD	8.33 
	68	4931548.28	1412650.19	72.03 	P2A-SH			10.88 
	69	4931550.57	1412652.65	70.12 	P2A-TB			14.23 
								80.00 	Bdy				2.61 
								
								
								
								
								
								
								REVISED
								
P2B	37	4931549.7	1412638.96	76.48 	P2B-TB				0.00
	40	4931550.72	1412642.83	74.12 	P2B-TOP CUT			4.00
	56	4931551.37	1412643.32	71.65 	P2B-BB-EDGE ROAD	4.81
	15	4931551.38	1412645.14	71.37 	P2-B				6.63
	57	4931552.1	1412646.83	71.34 	P2B-TB2-EDGE ROAD	8.47
	58	4931552.68	1412648.64	70.69 	P2B-TB2	10.37		10.37
	59	4931553.86	1412649.93	69.14 	P2B-BB-EDGE ROAD	12.04
	60	4931556.86	1412652.25	68.80 	P2B-TB-EDGE ROAD	15.83
	61	4931558.51	1412653.86	67.33 	SH					18.17
										Bdy					1.28

P4		00.00
P1-A	5.78								
P2		11.18
P2-A	16.14
P2-B	21.13										
P2-C	25.92										
P3		29.04										
P3-A	34.43										
P3-B	39.16
P4		48.37
										
										
										
										
										
										
OL-LONG	147	1412635.73	4931573.34	69.13	CL		0.00 
		112	1412632.64	4931582.21	68.47	TB		8.42 
		261	1412628.73	4931586.46	65.28	BB		15.20 
		17	1412628.13	4931587.55	64.92	bndy	16.48 
									65.40 	EOL		19.52 
									
									
									
									
									
									
OL-XSEXT1						75.19 	SOL			0.00 
	114	4931580.38	1412625.83	67.99	TB			3.21 
	113	4931581.8	1412628.75	68.29	TB-WARRATAH	6.515
	260	4931585.4	1412637.92	64.18	SH-CLOSE BB	16.37 
								61.78 	EOL			21.83 
								50.00 	Bdy	2.34 



